19	45413233	G	T	19:45413233:G:T	9	-8.9223e-02	7.2475e-02	2.183e-01	9.32e-01	379038	8.035e-02	NA
19	45412079	C	T	19:45412079:C:T	11	2.0968e-02	5.1808e-02	6.857e-01	5.963e-01	627723	7.042e-02	rs7412
11	75459865	G	A	11:75459865:G:A	10	2.0652e-02	6.0364e-02	7.323e-01	1.959e-01	617749	9.631e-02	NA
11	75459869	G	A	11:75459869:G:A	10	1.4209e-02	5.9177e-02	8.102e-01	2.829e-01	617749	9.647e-02	rs10793130
11	75459841	G	A	11:75459841:G:A	10	3.7358e-02	6.0159e-02	5.346e-01	1.191e-01	617749	9.769e-02	rs10793128
11	75459815	G	A	11:75459815:G:A	10	2.7686e-02	6.0138e-02	6.453e-01	1.504e-01	617749	9.773e-02	NA
11	75459015	C	T	11:75459015:C:T	12	5.9020e-02	4.562e-02	1.958e-01	3.398e-01	628126	9.86e-02	NA
11	75458518	T	C	11:75458518:T:C	12	4.9208e-02	4.558e-02	2.803e-01	3.214e-01	628126	1.014e-01	rs10899112
11	75457950	A	C	11:75457950:A:C	12	5.2497e-02	4.5579e-02	2.494e-01	3.097e-01	628126	1.014e-01	rs10160802
11	75465830	C	T	11:75465830:C:T	10	2.0502e-02	6.0066e-02	7.329e-01	2.48e-01	617749	9.793e-02	rs28802056
11	75468464	T	A	11:75468464:T:A	12	5.9073e-02	4.6307e-02	2.021e-01	2.307e-01	628126	9.835e-02	rs10899113
11	75467545	C	G	11:75467545:C:G	12	5.0009e-02	4.5583e-02	2.726e-01	3.348e-01	628126	1.016e-01	rs11236525
11	75467605	G	A	11:75467605:G:A	12	4.0891e-02	4.4853e-02	3.619e-01	3.233e-01	628126	1.018e-01	rs11236526
11	75469310	G	A	11:75469310:G:A	12	5.556e-02	4.4890e-02	2.158e-01	3.885e-01	628126	9.892e-02	NA
11	75469476	T	C	11:75469476:T:C	12	5.3021e-02	4.5616e-02	2.451e-01	3.855e-01	628126	9.878e-02	rs11236528
11	75470588	A	G	11:75470588:A:G	12	3.8903e-02	4.4856e-02	3.858e-01	3.202e-01	628126	1.018e-01	rs10899114
11	75470813	C	T	11:75470813:C:T	12	5.2654e-02	4.5618e-02	2.484e-01	3.839e-01	628126	9.879e-02	rs2008476
11	75471849	A	G	11:75471849:A:G	12	4.9407e-02	4.4863e-02	2.708e-01	3.392e-01	628126	1.017e-01	rs10899115
11	75452721	T	C	11:75452721:T:C	12	6.1058e-02	4.6236e-02	1.866e-01	1.915e-01	628126	9.847e-02	rs11236517
11	75452364	A	G	11:75452364:A:G	12	5.7409e-02	4.5704e-02	2.091e-01	2.626e-01	628126	9.859e-02	rs10793125
11	75452342	C	G	11:75452342:C:G	12	6.2680e-02	4.6226e-02	1.751e-01	1.792e-01	628126	9.847e-02	rs10899110
11	75452267	G	C	11:75452267:G:C	12	5.7629e-02	4.5702e-02	2.073e-01	2.620e-01	628126	9.859e-02	NA
11	75451668	T	C	11:75451668:T:C	12	6.3559e-02	4.6233e-02	1.692e-01	1.785e-01	628126	9.846e-02	rs11236516
11	75451343	C	A	11:75451343:C:A	12	6.2457e-02	4.6234e-02	1.767e-01	1.871e-01	628126	9.845e-02	rs11236514
11	75451201	G	A	11:75451201:G:A	12	6.2408e-02	4.6233e-02	1.771e-01	1.871e-01	628126	9.845e-02	rs10899109
11	75453066	C	T	11:75453066:C:T	11	2.7369e-02	5.9471e-02	6.454e-01	1.744e-01	618070	9.857e-02	rs11236518
11	75451411	A	G	11:75451411:A:G	12	3.8616e-02	4.6706e-02	4.084e-01	3.361e-01	628126	9.839e-02	rs11236515
11	75476195	C	T	11:75476195:C:T	12	5.8997e-02	4.6603e-02	2.055e-01	2.652e-01	628126	9.699e-02	rs10899116
11	75467350	G	T	11:75467350:G:T	12	3.1531e-02	4.7071e-02	5.029e-01	3.416e-01	628126	9.844e-02	rs58411334
11	75453982	T	C	11:75453982:T:C	12	3.8012e-02	4.4971e-02	3.98e-01	4.393e-01	628126	9.899e-02	rs10793126
11	75451187	C	T	11:75451187:C:T	12	4.6486e-02	4.5582e-02	3.078e-01	4.087e-01	628126	9.905e-02	rs11821808
11	75473265	A	G	11:75473265:A:G	12	3.2149e-02	4.48e-02	4.73e-01	2.799e-01	628126	1.02e-01	rs59913369
11	75473294	T	C	11:75473294:T:C	12	3.264e-02	4.4784e-02	4.661e-01	2.926e-01	628126	1.021e-01	rs57188913
19	48376995	T	C	19:48376995:T:C	10	-6.1769e-02	4.9769e-02	2.146e-01	6.653e-01	617667	8.415e-01	rs212100
19	48371358	A	G	19:48371358:A:G	10	-2.4738e-02	4.9194e-02	6.150e-01	1.145e-01	617667	8.42e-01	NA
19	48371283	G	A	19:48371283:G:A	10	-2.3499e-02	4.9215e-02	6.330e-01	1.15e-01	617667	8.419e-01	rs296380
19	48371102	C	T	19:48371102:C:T	12	-2.5916e-02	3.6825e-02	4.816e-01	1.973e-01	628126	8.417e-01	rs296381
19	48370918	C	A	19:48370918:C:A	10	-2.6733e-02	4.9173e-02	5.867e-01	1.084e-01	617667	8.42e-01	NA
19	48370888	A	G	19:48370888:A:G	11	-4.848e-02	4.8907e-02	3.216e-01	3.909e-01	618070	8.420e-01	rs296383
19	48370400	G	T	19:48370400:G:T	10	-5.6334e-02	4.9753e-02	2.575e-01	4.698e-01	617667	8.422e-01	rs296384
19	48369844	G	C	19:48369844:G:C	10	-4.6402e-02	4.9196e-02	3.456e-01	3.160e-01	617667	8.420e-01	NA
19	48369432	T	C	19:48369432:T:C	10	-8.7836e-03	4.7862e-02	8.544e-01	5.294e-02	617667	8.416e-01	NA
19	48369314	C	T	19:48369314:C:T	11	-2.0665e-02	4.7601e-02	6.642e-01	1.68e-01	618070	8.416e-01	rs296387
19	48371853	T	C	19:48371853:T:C	10	-6.6391e-03	4.8476e-02	8.911e-01	1.013e-01	617667	8.416e-01	rs296369
19	48369007	A	C	19:48369007:A:C	10	-5.3051e-02	4.8638e-02	2.754e-01	4.157e-01	617667	8.419e-01	NA
19	48369039	C	A	19:48369039:C:A	10	-2.0506e-02	4.8378e-02	6.717e-01	2.653e-01	379359	8.370e-01	NA
19	48368534	C	T	19:48368534:C:T	11	-2.4119e-02	4.7631e-02	6.126e-01	2.671e-01	618070	8.421e-01	rs296391
19	48382157	T	C	19:48382157:T:C	11	-5.4932e-02	4.8952e-02	2.618e-01	5.391e-01	618070	8.298e-01	NA
19	48383147	T	C	19:48383147:T:C	11	-5.249e-02	4.8956e-02	2.836e-01	5.394e-01	618070	8.298e-01	NA
19	48383542	C	A	19:48383542:C:A	10	3.5656e-02	4.9827e-02	4.742e-01	6.242e-01	379359	1.634e-01	rs62129968
19	48384026	A	G	19:48384026:A:G	11	-5.2661e-02	4.8953e-02	2.820e-01	5.486e-01	618070	8.298e-01	NA
19	48388658	T	C	19:48388658:T:C	12	3.8931e-02	3.7181e-02	2.951e-01	6.263e-01	628126	1.697e-01	rs296360
19	48389002	T	A	19:48389002:T:A	11	4.1836e-02	3.7297e-02	2.62e-01	5.991e-01	627723	1.698e-01	rs212099
19	48366505	T	C	19:48366505:T:C	11	-6.4195e-02	4.9629e-02	1.958e-01	5.713e-01	618070	8.433e-01	rs296393
19	48382753	C	T	19:48382753:C:T	11	-1.9766e-02	4.7802e-02	6.792e-01	2.804e-01	618070	8.294e-01	NA
19	48383906	T	C	19:48383906:T:C	11	-3.8808e-02	4.8371e-02	4.224e-01	5.113e-01	618070	8.295e-01	rs2547234
19	48384385	T	C	19:48384385:T:C	11	-4.0156e-02	4.8364e-02	4.064e-01	5.306e-01	618070	8.294e-01	rs9304669
19	48384749	G	A	19:48384749:G:A	11	-4.0099e-02	4.8349e-02	4.069e-01	5.208e-01	618070	8.294e-01	rs10426201
19	48385057	C	A	19:48385057:C:A	12	-4.0494e-02	3.6734e-02	2.703e-01	6.130e-01	628126	8.296e-01	rs2547231
19	48385627	T	C	19:48385627:T:C	11	-3.9885e-02	4.8373e-02	4.096e-01	5.31e-01	618070	8.294e-01	NA
19	48389363	G	A	19:48389363:G:A	12	3.882e-02	3.7184e-02	2.965e-01	5.982e-01	628126	1.698e-01	rs296361
19	48384626	G	A	19:48384626:G:A	11	-3.8339e-02	4.8365e-02	4.28e-01	5.295e-01	618070	8.294e-01	rs10425963
19	48384635	G	A	19:48384635:G:A	11	-4.0300e-02	4.8365e-02	4.047e-01	5.297e-01	618070	8.294e-01	rs10425975
19	48384648	C	T	19:48384648:C:T	11	-4.0204e-02	4.8363e-02	4.058e-01	5.307e-01	618070	8.294e-01	NA
19	48365568	C	T	19:48365568:C:T	12	5.7362e-02	3.758e-02	1.269e-01	6.386e-01	628126	1.563e-01	rs62128827
19	48365523	T	C	19:48365523:T:C	10	-6.7017e-02	4.9982e-02	1.8e-01	4.616e-01	617667	8.435e-01	rs296396
11	71228117	A	G	11:71228117:A:G	10	-1.4583e-03	4.3883e-02	9.735e-01	9.801e-01	617749	7.669e-01	rs12808183
11	71223413	C	T	11:71223413:C:T	10	2.4053e-04	4.3840e-02	9.956e-01	9.769e-01	617749	7.671e-01	rs146615255
11	71222614	T	C	11:71222614:T:C	10	-1.0141e-03	4.383e-02	9.815e-01	9.788e-01	617749	7.67e-01	NA
11	71222185	C	T	11:71222185:C:T	10	5.5978e-04	4.3832e-02	9.898e-01	9.770e-01	617749	7.669e-01	NA
11	71221574	T	C	11:71221574:T:C	11	-3.0583e-04	4.3473e-02	9.944e-01	9.891e-01	618070	7.670e-01	rs7940244
11	71220909	T	C	11:71220909:T:C	11	-7.6336e-05	4.3478e-02	9.986e-01	9.889e-01	618070	7.670e-01	NA
11	71225597	G	C	11:71225597:G:C	10	-4.7154e-03	4.3923e-02	9.145e-01	9.811e-01	617749	7.678e-01	NA
11	71227561	G	A	11:71227561:G:A	10	-5.6541e-04	4.3876e-02	9.897e-01	9.809e-01	617749	7.673e-01	NA
11	71231124	G	C	11:71231124:G:C	11	-3.4201e-03	4.4620e-02	9.389e-01	9.026e-01	618070	7.66e-01	rs7118246
11	71225849	G	A	11:71225849:G:A	10	-1.0496e-03	4.3877e-02	9.809e-01	9.796e-01	617749	7.673e-01	NA
11	71224042	G	A	11:71224042:G:A	10	2.0919e-03	4.3788e-02	9.619e-01	9.719e-01	617749	7.664e-01	rs4945010
11	71223256	C	T	11:71223256:C:T	10	4.8545e-03	4.3791e-02	9.117e-01	9.745e-01	617749	7.665e-01	rs12798050
11	71219803	C	A	11:71219803:C:A	11	3.6164e-03	4.3438e-02	9.336e-01	9.863e-01	618070	7.666e-01	rs2186777
11	71218914	T	A	11:71218914:T:A	10	2.1382e-03	4.3766e-02	9.610e-01	9.745e-01	617749	7.660e-01	NA
11	71227729	A	T	11:71227729:A:T	10	-1.1461e-03	4.3879e-02	9.792e-01	9.781e-01	617749	7.670e-01	rs79350149
11	71225942	A	G	11:71225942:A:G	10	-3.4825e-03	4.3874e-02	9.367e-01	9.865e-01	617749	7.669e-01	rs7925331
11	14878442	C	G	11:14878442:C:G	9	-3.6829e-02	3.7413e-02	3.249e-01	3.880e-02	378956	4.206e-01	NA
11	14881926	T	G	11:14881926:T:G	9	-3.7069e-02	3.7408e-02	3.217e-01	3.946e-02	378956	4.206e-01	rs10832311
11	14874975	A	T	11:14874975:A:T	10	-1.7817e-02	3.6763e-02	6.279e-01	8.356e-03	617667	4.077e-01	NA
11	14872568	A	G	11:14872568:A:G	10	-3.6534e-02	2.8386e-02	1.981e-01	6.179e-02	389012	4.207e-01	NA
11	14861517	T	G	11:14861517:T:G	11	-3.3036e-02	2.7985e-02	2.378e-01	1.744e-02	627723	4.215e-01	rs11023350
11	14910273	T	G	11:14910273:T:G	10	-1.1061e-02	3.7659e-02	7.69e-01	9.223e-03	617667	4.076e-01	rs10500804
11	14913131	A	G	11:14913131:A:G	10	-9.5105e-03	3.7658e-02	8.006e-01	7.569e-03	617667	4.09e-01	rs10766196
11	14913575	G	A	11:14913575:G:A	10	-8.3641e-03	3.7659e-02	8.242e-01	5.404e-03	617667	4.087e-01	rs12794714
