1	2329661	A	G	1:2329661:A:G	12	-9.0829e-03	2.8271e-02	7.48e-01	4.878e-01	628126	4.918e-01	rs6698680
1	17559656	G	C	1:17559656:G:C	12	3.3574e-02	2.8749e-02	2.429e-01	4.338e-01	628126	3.518e-01	rs3750296
1	34726552	G	A	1:34726552:G:A	11	-5.728e-02	4.9745e-02	2.495e-01	2.624e-01	618070	1.618e-01	rs7519574
1	41830086	C	T	1:41830086:C:T	10	-1.3072e-02	4.8272e-02	7.865e-01	3.598e-01	379359	2.115e-01	rs56044892
1	63048045	A	C	1:63048045:A:C	10	5.8617e-02	3.8882e-02	1.317e-01	4.815e-01	617749	3.192e-01	rs2934744
1	109817192	A	G	1:109817192:A:G	12	-6.8986e-04	3.3117e-02	9.834e-01	2.940e-01	628126	2.189e-01	rs7528419
1	150815411	G	A	1:150815411:G:A	12	-1.6684e-02	2.7825e-02	5.488e-01	2.133e-01	628126	3.635e-01	NA
1	152029548	G	A	1:152029548:G:A	10	1.2261e-01	1.6226e-01	4.499e-01	1.662e-01	617667	2.717e-02	rs115045402
1	152179152	C	T	1:152179152:C:T	12	6.6578e-02	7.2496e-02	3.584e-01	2.535e-01	628126	4.468e-02	rs12123821
1	152270875	A	G	1:152270875:A:G	10	-3.5615e-02	4.2357e-02	4.004e-01	2.476e-01	617749	2.772e-01	rs144613541
1	152285861	G	A	1:152285861:G:A	10	-1.5050e-01	1.7498e-01	3.897e-01	9.391e-01	617667	1.497e-02	NA
1	155284586	T	A	1:155284586:T:A	10	2.808e-02	4.4194e-02	5.252e-01	1.217e-01	379359	2.431e-01	rs11264360
1	220972343	A	G	1:220972343:A:G	11	4.0936e-02	3.9702e-02	3.025e-01	3.057e-01	618070	6.945e-01	NA
1	230295789	A	T	1:230295789:A:T	10	9.3066e-02	3.7322e-02	1.265e-02	8.626e-02	617667	5.824e-01	NA
2	21381177	G	A	2:21381177:G:A	10	-1.7651e-02	3.7279e-02	6.359e-01	9.291e-01	379359	4.388e-01	rs12997242
2	27752463	G	A	2:27752463:G:A	9	-4.9072e-03	3.7149e-02	8.949e-01	4.574e-01	617346	6.192e-01	NA
2	101440151	A	G	2:101440151:A:G	12	-3.8268e-02	3.465e-02	2.694e-01	7.16e-01	628126	1.877e-01	rs6724965
2	118648261	G	A	2:118648261:G:A	11	7.0962e-02	3.9171e-02	7.005e-02	5.599e-01	618070	2.632e-01	rs7569755
2	211540507	C	A	2:211540507:C:A	12	-1.9042e-02	2.9509e-02	5.187e-01	8.704e-01	628126	3.184e-01	rs1047891
2	234627608	T	G	2:234627608:T:G	12	-1.0159e-02	4.8609e-02	8.345e-01	9.181e-02	628126	7.348e-02	NA
3	85631142	A	T	3:85631142:A:T	12	-3.5892e-03	2.886e-02	9.010e-01	8.830e-01	628126	6.793e-01	rs1972994
3	125148287	C	G	3:125148287:C:G	11	-4.4009e-02	4.0039e-02	2.717e-01	6.636e-01	618070	2.781e-01	rs6438900
3	141825598	C	T	3:141825598:C:T	12	4.0974e-02	3.1475e-02	1.93e-01	3.876e-01	628126	7.301e-01	NA
4	3482213	T	A	4:3482213:T:A	11	-6.2369e-02	5.8447e-02	2.859e-01	8.606e-01	618070	1.141e-01	rs78649910
4	69947596	G	T	4:69947596:G:T	9	3.0605e-02	3.6721e-02	4.046e-01	9.269e-01	617346	4.983e-01	rs7699711
4	72608115	C	T	4:72608115:C:T	11	-5.2032e-03	4.6703e-02	9.113e-01	9.112e-01	618070	8.586e-01	rs705117
4	72615362	A	G	4:72615362:A:G	11	3.8246e-02	3.0533e-02	2.104e-01	8.123e-01	627723	2.565e-01	rs11723621
4	72616618	A	C	4:72616618:A:C	6	3.6373e-01	2.1417e-01	8.945e-02	1.724e-01	375203	2.093e-02	rs560384646
4	72643760	A	T	4:72643760:A:T	8	-6.8102e-03	5.1484e-02	8.948e-01	5.906e-01	378635	8.714e-01	rs222026
4	88287363	A	G	4:88287363:A:G	12	4.0790e-02	2.9859e-02	1.719e-01	6.199e-02	628126	2.836e-01	rs58073039
4	100201295	A	G	4:100201295:A:G	11	5.8191e-02	1.1973e-01	6.27e-01	4.415e-01	627723	1.261e-02	rs28364331
4	100239319	T	C	4:100239319:T:C	9	1.6218e-01	7.2076e-02	2.444e-02	3.015e-02	616188	9.823e-01	NA
5	118652574	C	G	5:118652574:C:G	11	4.2948e-02	3.9724e-02	2.796e-01	4.072e-01	618070	3.337e-01	rs7718395
6	131934986	G	A	6:131934986:G:A	10	-4.0980e-02	5.2508e-02	4.351e-01	7.139e-01	617749	1.824e-01	NA
7	21571932	G	C	7:21571932:G:C	11	3.6185e-02	4.5486e-02	4.263e-01	7.286e-01	618070	2.041e-01	rs111529171
7	104613791	G	A	7:104613791:G:A	10	7.0813e-02	3.6339e-02	5.134e-02	7.073e-01	617667	4.743e-01	rs1011468
7	107117447	A	C	7:107117447:A:C	10	-3.9976e-02	3.6130e-02	2.685e-01	9.521e-01	617667	4.853e-01	rs1858889
8	11612698	C	A	8:11612698:C:A	10	4.4051e-02	3.7316e-02	2.378e-01	1.710e-02	617667	6.225e-01	NA
8	25889606	C	T	8:25889606:C:T	11	3.5185e-02	4.1628e-02	3.98e-01	9.619e-01	618070	2.697e-01	rs34726834
8	116960729	A	G	8:116960729:A:G	11	-1.4785e-02	3.9345e-02	7.071e-01	3.236e-01	618070	5.719e-01	NA
9	125719923	C	G	9:125719923:C:G	10	-4.3543e-02	4.8842e-02	3.727e-01	5.712e-01	617667	8.477e-01	NA
9	136149830	A	G	9:136149830:A:G	10	-1.9272e-01	4.5281e-02	2.081e-05	2.377e-01	617667	8.072e-01	NA
10	82042624	C	T	10:82042624:C:T	12	-3.4506e-02	2.7218e-02	2.049e-01	4.769e-01	628126	5.473e-01	rs10887718
11	14181174	T	C	11:14181174:T:C	9	1.2823e-02	3.9178e-02	7.434e-01	4.437e-01	616188	2.505e-01	NA
11	14612563	T	C	11:14612563:T:C	10	6.4253e-01	2.1937e-01	3.401e-03	3.405e-01	617667	1.204e-02	NA
11	14669496	A	T	11:14669496:A:T	11	-5.0009e-02	2.8349e-02	7.772e-02	3.076e-02	389415	4.114e-01	rs10832289
11	14785870	C	G	11:14785870:C:G	11	-5.3108e-02	1.3792e-01	7.002e-01	4.109e-01	627723	9.526e-03	rs188480917
11	14900931	G	A	11:14900931:G:A	10	2.2518e-01	1.2850e-01	7.971e-02	3.282e-01	617667	2.469e-02	rs117913124
11	14912573	G	T	11:14912573:G:T	11	-2.4855e-02	1.1429e-01	8.278e-01	8.006e-02	627723	1.737e-02	rs117576073
11	66070146	A	C	11:66070146:A:C	11	3.759e-02	3.6552e-02	3.038e-01	7.584e-01	618070	4.86e-01	rs523583
11	71132868	A	G	11:71132868:A:G	11	2.1606e-03	4.0728e-02	9.577e-01	8.784e-01	618070	6.95e-01	rs12803256
11	71222408	C	T	11:71222408:C:T	8	-2.5807e-01	2.9078e-01	3.748e-01	3.598e-01	614235	6.958e-03	rs549940584
11	75459865	G	A	11:75459865:G:A	10	2.0652e-02	6.0364e-02	7.323e-01	1.959e-01	617749	9.631e-02	NA
11	76485216	T	C	11:76485216:T:C	12	8.3389e-02	3.7626e-02	2.667e-02	7.011e-01	628126	1.698e-01	rs1149605
11	116648917	G	C	11:116648917:G:C	12	-2.5595e-02	3.8468e-02	5.058e-01	6.685e-01	628126	8.619e-01	rs964184
11	120114421	G	A	11:120114421:G:A	11	-1.9139e-02	5.3087e-02	7.185e-01	2.453e-01	618070	1.333e-01	rs2847500
12	21352541	A	G	12:21352541:A:G	12	-1.4748e-02	3.7465e-02	6.938e-01	1.724e-01	628126	2.003e-01	rs12317268
12	38602911	C	T	12:38602911:C:T	10	3.935e-02	3.6698e-02	2.836e-01	5.203e-01	617749	4.972e-01	rs9668081
12	96375682	T	C	12:96375682:T:C	12	-4.1788e-02	2.7456e-02	1.280e-01	4.277e-02	628126	6.112e-01	rs10859995
14	39556185	G	C	14:39556185:G:C	11	-5.1592e-03	3.6363e-02	8.872e-01	9.55e-01	627723	8.343e-01	NA
15	58680178	T	C	15:58680178:T:C	12	-8.1876e-03	2.8266e-02	7.721e-01	3.784e-01	628126	3.685e-01	NA
15	58723675	C	T	15:58723675:C:T	12	2.7995e-02	3.2741e-02	3.925e-01	1.612e-01	628126	2.283e-01	NA
15	63789952	A	C	15:63789952:A:C	11	-2.4177e-02	3.8712e-02	5.323e-01	4.132e-01	618070	3.624e-01	rs17765311
15	77711719	G	A	15:77711719:G:A	12	7.7221e-03	2.9873e-02	7.960e-01	6.103e-01	628126	6.986e-01	rs62007299
16	11909552	A	T	16:11909552:A:T	11	7.8755e-05	3.9602e-02	9.984e-01	1.003e-02	618070	2.78e-01	NA
16	20392332	G	A	16:20392332:G:A	11	-2.6800e-02	4.7965e-02	5.763e-01	8.046e-01	618070	2.067e-01	rs77924615
16	56995236	C	A	16:56995236:C:A	12	2.6028e-02	2.7167e-02	3.380e-01	2.952e-01	628126	4.914e-01	NA
17	66464546	C	T	17:66464546:C:T	12	2.5415e-02	3.3438e-02	4.472e-01	9.486e-01	628126	8.056e-01	rs2909218
18	28919794	C	A	18:28919794:C:A	12	-1.9217e-02	4.9872e-02	7.e-01	2.478e-01	628126	7.083e-02	rs8091117
18	61366207	G	A	18:61366207:G:A	12	1.293e-02	3.5666e-02	7.17e-01	1.253e-01	628126	1.637e-01	rs2037511
19	4338173	A	G	19:4338173:A:G	12	6.7101e-03	3.01e-02	8.236e-01	4.697e-01	628126	3.110e-01	rs57631352
19	11192915	A	G	19:11192915:A:G	12	-1.9932e-02	4.1007e-02	6.269e-01	4.652e-01	628126	1.124e-01	NA
19	11979164	T	C	19:11979164:T:C	12	1.8783e-02	3.2712e-02	5.658e-01	4.724e-01	628126	2.872e-01	rs10500209
19	19379549	C	T	19:19379549:C:T	12	2.1736e-02	5.3822e-02	6.863e-01	1.001e-01	628126	7.139e-02	rs58542926
19	36342212	C	T	19:36342212:C:T	12	-8.3595e-03	2.9892e-02	7.797e-01	9.043e-01	628126	3.3e-01	NA
19	45413233	G	T	19:45413233:G:T	9	-8.9223e-02	7.2475e-02	2.183e-01	9.32e-01	379038	8.035e-02	NA
19	45425460	A	G	19:45425460:A:G	10	-1.2574e-02	3.756e-02	7.378e-01	1.333e-01	617667	6.459e-01	NA
19	51517798	G	A	19:51517798:G:A	10	3.5123e-02	4.5928e-02	4.444e-01	3.629e-01	617667	2.35e-01	rs10426
19	53065814	T	C	19:53065814:T:C	11	-1.0323e-02	3.9083e-02	7.917e-01	5.327e-01	618070	3.048e-01	rs8103262
20	52714706	A	G	20:52714706:A:G	11	-2.3432e-02	6.029e-02	6.975e-01	2.427e-01	618070	1.088e-01	rs6123359
20	52731402	A	T	20:52731402:A:T	11	-5.1709e-02	3.9847e-02	1.944e-01	3.711e-02	618070	2.755e-01	rs6127099
20	52737123	C	G	20:52737123:C:G	11	1.3622e-02	4.5562e-02	7.65e-01	1.432e-01	618070	2.739e-01	rs2585442
20	52788925	G	A	20:52788925:G:A	8	2.7409e-02	9.6307e-02	7.76e-01	6.996e-02	614213	9.450e-01	rs2762942
21	16339172	G	C	21:16339172:G:C	12	-1.3955e-02	4.8165e-02	7.720e-01	6.302e-01	628126	1.062e-01	rs2229742
22	31535872	G	C	22:31535872:G:C	12	-7.4578e-02	5.3529e-02	1.636e-01	9.284e-01	628126	9.36e-02	rs2074735
22	41393520	C	T	22:41393520:C:T	10	2.9695e-02	3.9608e-02	4.534e-01	8.374e-01	617667	3.511e-01	rs960596
