RSID	CHR.x	BP	EA	NEA	EAF	MAF	beta	SE	P	CHR.y	POS	REF	ALT	SNP	all_meta_N	all_inv_var_meta_beta	all_inv_var_meta_sebeta	all_inv_var_meta_p	all_inv_var_het_p	all_meta_sample_N	all_meta_AF
rs1065853	19	45413233	T	G	0.082083	0.082083	0.027397	0.00367	8.32e-14	19	45412079	C	T	19:45412079:C:T	11	0.020968	0.051808	0.6857	0.5963	627723	0.07042
rs10793129	11	75459865	A	G	0.090078	0.090078	0.024492	0.003468	1.64e-12	11	75457950	A	C	11:75457950:A:C	12	0.052497	0.045579	0.2494	0.3097	628126	0.1014
rs112285002	19	48374320	T	C	0.159529	0.159529	0.060321	0.002701	1.77e-110	19	48384626	G	A	19:48384626:G:A	11	-0.038339	0.048365	0.428	0.5295	618070	0.8294
rs200454003	11	71228990	T	C	0.264587	0.264587	-0.0867	0.002536	3.68e-256	11	71228117	A	G	11:71228117:A:G	10	-0.0014583	0.043883	0.9735	0.9801	617749	0.7669
rs201501563	11	14882470	T	C	0.122197	0.122197	-0.066474	0.003851	9.17e-67	11	14910273	T	G	11:14910273:T:G	10	-0.011061	0.037659	0.769	0.009223	617667	0.4076
rs1011468	7	104613791	A	G	0.475748	0.475748	-0.013795	0.001946	1.35e-12	7	104613791	G	A	7:104613791:G:A	10	0.070813	0.036339	0.05134	0.7073	617667	0.4743
rs10426	19	51517798	A	G	0.213371	0.213371	0.025226	0.002382	3.31e-26	19	51517798	G	A	19:51517798:G:A	10	0.035123	0.045928	0.4444	0.3629	617667	0.235
rs1047891	2	211540507	A	C	0.316449	0.316449	-0.014168	0.002088	1.16e-11	2	211540507	C	A	2:211540507:C:A	12	-0.019042	0.029509	0.5187	0.8704	628126	0.3184
rs10500209	19	11979164	C	T	0.282129	0.282129	-0.013417	0.002169	6.18e-10	19	11979164	T	C	19:11979164:T:C	12	0.018783	0.032712	0.5658	0.4724	628126	0.2872
rs1065853	19	45413233	T	G	0.082083	0.082083	0.027397	0.00367	8.32e-14	NA	NA	NA	NA	NA	NA	NA	NA	NA	NA	NA	NA
rs10793129	11	75459865	A	G	0.090078	0.090078	0.024492	0.003468	1.64e-12	NA	NA	NA	NA	NA	NA	NA	NA	NA	NA	NA	NA
rs10818769	9	125719923	G	C	0.856966	0.143034	-0.016972	0.00287	3.35e-09	NA	NA	NA	NA	NA	NA	NA	NA	NA	NA	NA	NA
rs10832218	11	14181174	C	T	0.19774	0.19774	-0.034215	0.002912	7.09e-32	NA	NA	NA	NA	NA	NA	NA	NA	NA	NA	NA	NA
rs10859995	12	96375682	C	T	0.581322	0.418678	-0.039396	0.001971	7.03e-89	12	96375682	T	C	12:96375682:T:C	12	-0.041788	0.027456	0.128	0.04277	628126	0.6112
rs11127048	2	27752463	A	G	0.616569	0.383431	0.018107	0.002038	6.41e-19	NA	NA	NA	NA	NA	NA	NA	NA	NA	NA	NA	NA
rs111529171	7	21571932	C	G	0.216376	0.216376	-0.015488	0.002369	6.24e-11	7	21571932	G	C	7:21571932:G:C	11	0.036185	0.045486	0.4263	0.7286	618070	0.2041
rs112285002	19	48374320	T	C	0.159529	0.159529	0.060321	0.002701	1.77e-110	NA	NA	NA	NA	NA	NA	NA	NA	NA	NA	NA	NA
rs11264360	1	155284586	A	T	0.24292	0.24292	0.018008	0.002286	3.34e-15	1	155284586	T	A	1:155284586:T:A	10	0.02808	0.044194	0.5252	0.1217	379359	0.2431
rs1149605	11	76485216	C	T	0.171453	0.171453	0.01928	0.002577	7.34e-14	11	76485216	T	C	11:76485216:T:C	12	0.083389	0.037626	0.02667	0.7011	628126	0.1698
rs117576073	11	14912573	T	G	0.012385	0.012385	-0.114573	0.008813	1.22e-38	11	14912573	G	T	11:14912573:G:T	11	-0.024855	0.11429	0.8278	0.08006	627723	0.01737
rs117913124	11	14900931	A	G	0.027583	0.027583	-0.354126	0.005937	0	11	14900931	G	A	11:14900931:G:A	10	0.22518	0.1285	0.07971	0.3282	617667	0.02469
rs1229984	4	100239319	C	T	0.973099	0.026901	-0.046854	0.006481	4.85e-13	NA	NA	NA	NA	NA	NA	NA	NA	NA	NA	NA	NA
rs12317268	12	21352541	G	A	0.151589	0.151589	-0.018528	0.002717	9.15e-12	12	21352541	A	G	12:21352541:A:G	12	-0.014748	0.037465	0.6938	0.1724	628126	0.2003
rs12997242	2	21381177	A	G	0.437687	0.437687	-0.012512	0.001972	2.23e-10	2	21381177	G	A	2:21381177:G:A	10	-0.017651	0.037279	0.6359	0.9291	379359	0.4388
rs144613541	1	152270875	G	A	0.290985	0.290985	0.015413	0.002244	6.49e-12	1	152270875	A	G	1:152270875:A:G	10	-0.035615	0.042357	0.4004	0.2476	617749	0.2772
rs157595	19	45425460	G	A	0.614127	0.385873	-0.015581	0.00205	2.95e-14	NA	NA	NA	NA	NA	NA	NA	NA	NA	NA	NA	NA
rs17765311	15	63789952	C	A	0.344611	0.344611	-0.01515	0.002047	1.35e-13	15	63789952	A	C	15:63789952:A:C	11	-0.024177	0.038712	0.5323	0.4132	618070	0.3624
rs1800588	15	58723675	T	C	0.21461	0.21461	-0.029769	0.002366	2.65e-36	NA	NA	NA	NA	NA	NA	NA	NA	NA	NA	NA	NA
rs1800775	16	56995236	A	C	0.486317	0.486317	-0.016619	0.00195	1.56e-17	NA	NA	NA	NA	NA	NA	NA	NA	NA	NA	NA	NA
rs1858889	7	107117447	C	A	0.50084	0.49916	0.012836	0.001942	3.85e-11	7	107117447	A	C	7:107117447:A:C	10	-0.039976	0.03613	0.2685	0.9521	617667	0.4853
rs186881826	4	72785743	A	T	0.223069	0.223069	0.045907	0.002469	3.64e-77	NA	NA	NA	NA	NA	NA	NA	NA	NA	NA	NA	NA
rs187443664	11	14768892	T	G	0.98867	0.01133	-0.106498	0.013059	3.49e-16	NA	NA	NA	NA	NA	NA	NA	NA	NA	NA	NA	NA
rs191379475	11	14075712	G	A	0.98893	0.01107	-0.102767	0.012908	1.7e-15	NA	NA	NA	NA	NA	NA	NA	NA	NA	NA	NA	NA
rs1972994	3	85631142	T	A	0.64702	0.35298	-0.017509	0.002036	7.99e-18	3	85631142	A	T	3:85631142:A:T	12	-0.0035892	0.02886	0.901	0.883	628126	0.6793
rs200454003	11	71228990	T	C	0.264587	0.264587	-0.0867	0.002536	3.68e-256	NA	NA	NA	NA	NA	NA	NA	NA	NA	NA	NA	NA
rs200641845	4	72620895	T	A	0.545188	0.454812	0.017645	0.002356	6.92e-14	NA	NA	NA	NA	NA	NA	NA	NA	NA	NA	NA	NA
rs2011425	2	234627608	G	T	0.07939	0.07939	-0.046356	0.00361	9.66e-38	NA	NA	NA	NA	NA	NA	NA	NA	NA	NA	NA	NA
rs201501563	11	14882470	T	C	0.122197	0.122197	-0.066474	0.003851	9.17e-67	NA	NA	NA	NA	NA	NA	NA	NA	NA	NA	NA	NA
rs2037511	18	61366207	A	G	0.165391	0.165391	0.016025	0.002618	9.29e-10	18	61366207	G	A	18:61366207:G:A	12	0.01293	0.035666	0.717	0.1253	628126	0.1637
rs2074735	22	31535872	C	G	0.064197	0.064197	0.027256	0.003969	6.55e-12	22	31535872	G	C	22:31535872:G:C	12	-0.074578	0.053529	0.1636	0.9284	628126	0.0936
rs222026	4	72643760	T	A	0.870776	0.129224	-0.052159	0.002996	6.98e-68	4	72643760	A	T	4:72643760:A:T	8	-0.0068102	0.051484	0.8948	0.5906	378635	0.8714
rs2585442	20	52737123	G	C	0.246306	0.246306	0.033609	0.002287	6.87e-49	20	52737123	C	G	20:52737123:C:G	11	0.013622	0.045562	0.765	0.1432	618070	0.2739
rs261291	15	58680178	C	T	0.35583	0.35583	-0.022414	0.002033	2.89e-28	NA	NA	NA	NA	NA	NA	NA	NA	NA	NA	NA	NA
rs2762942	20	52788925	A	G	0.942083	0.057917	0.053192	0.004321	7.99e-35	20	52788925	G	A	20:52788925:G:A	8	0.027409	0.096307	0.776	0.06996	614213	0.945
rs28364331	4	100201295	G	A	0.018845	0.018845	0.061386	0.007186	1.31e-17	4	100201295	A	G	4:100201295:A:G	11	0.058191	0.11973	0.627	0.4415	627723	0.01261
rs2847500	11	120114421	A	G	0.124391	0.124391	-0.021129	0.002949	7.79e-13	11	120114421	G	A	11:120114421:G:A	11	-0.019139	0.053087	0.7185	0.2453	618070	0.1333
rs2934744	1	63048045	A	C	0.643546	0.356454	-0.022405	0.002119	3.96e-26	1	63048045	A	C	1:63048045:A:C	10	0.058617	0.038882	0.1317	0.4815	617749	0.3192
rs34726834	8	25889606	T	C	0.253615	0.253615	0.013824	0.002239	6.65e-10	8	25889606	C	T	8:25889606:C:T	11	0.035185	0.041628	0.398	0.9619	618070	0.2697
rs3750296	1	17559656	C	G	0.341423	0.341423	-0.020818	0.002042	2.09e-24	1	17559656	G	C	1:17559656:G:C	12	0.033574	0.028749	0.2429	0.4338	628126	0.3518
rs3768013	1	150815411	A	G	0.369605	0.369605	-0.01488	0.002011	1.37e-13	NA	NA	NA	NA	NA	NA	NA	NA	NA	NA	NA	NA
rs3814995	19	36342212	T	C	0.31224	0.31224	-0.014733	0.002109	2.83e-12	NA	NA	NA	NA	NA	NA	NA	NA	NA	NA	NA	NA
rs523583	11	66070146	C	A	0.469219	0.469219	0.012174	0.001963	5.58e-10	11	66070146	A	C	11:66070146:A:C	11	0.03759	0.036552	0.3038	0.7584	618070	0.486
rs532436	9	136149830	A	G	0.184388	0.184388	-0.015051	0.002515	2.17e-09	NA	NA	NA	NA	NA	NA	NA	NA	NA	NA	NA	NA
rs549940584	11	71222408	T	C	0.013335	0.013335	0.182748	0.010158	2.31e-72	11	71222408	C	T	11:71222408:C:T	8	-0.25807	0.29078	0.3748	0.3598	614235	0.006958
rs560384646	4	72616618	C	A	0.023835	0.023835	-0.193328	0.008601	6.91e-112	4	72616618	A	C	4:72616618:A:C	6	0.36373	0.21417	0.08945	0.1724	375203	0.02093
rs56044892	1	41830086	T	C	0.2107	0.2107	0.015388	0.00244	2.85e-10	1	41830086	C	T	1:41830086:C:T	10	-0.013072	0.048272	0.7865	0.3598	379359	0.2115
rs576242124	1	152390763	A	G	0.011317	0.011317	0.114432	0.014508	3.08e-15	NA	NA	NA	NA	NA	NA	NA	NA	NA	NA	NA	NA
rs57631352	19	4338173	G	A	0.297255	0.297255	-0.012866	0.002128	1.48e-09	19	4338173	A	G	19:4338173:A:G	12	0.0067101	0.0301	0.8236	0.4697	628126	0.311
rs58073039	4	88287363	G	A	0.298368	0.298368	-0.014119	0.002109	2.16e-11	4	88287363	A	G	4:88287363:A:G	12	0.04079	0.029859	0.1719	0.06199	628126	0.2836
rs58542926	19	19379549	T	C	0.075847	0.075847	0.032488	0.00367	8.57e-19	19	19379549	C	T	19:19379549:C:T	12	0.021736	0.053822	0.6863	0.1001	628126	0.07139
rs6123359	20	52714706	G	A	0.105192	0.105192	0.032345	0.003213	7.74e-24	20	52714706	A	G	20:52714706:A:G	11	-0.023432	0.06029	0.6975	0.2427	618070	0.1088
rs61816761	1	152285861	A	G	0.023096	0.023096	0.125479	0.006905	8.57e-74	NA	NA	NA	NA	NA	NA	NA	NA	NA	NA	NA	NA
rs62007299	15	77711719	A	G	0.709377	0.290623	-0.014437	0.002145	1.69e-11	15	77711719	G	A	15:77711719:G:A	12	0.0077221	0.029873	0.796	0.6103	628126	0.6986
rs62130059	19	48461240	C	A	0.335823	0.335823	-0.02731	0.002255	9.25e-34	NA	NA	NA	NA	NA	NA	NA	NA	NA	NA	NA	NA
rs6438900	3	125148287	G	C	0.260706	0.260706	0.013584	0.002221	9.59e-10	3	125148287	C	G	3:125148287:C:G	11	-0.044009	0.040039	0.2717	0.6636	618070	0.2781
rs6698680	1	2329661	G	A	0.464195	0.464195	-0.011928	0.001947	8.99e-10	1	2329661	A	G	1:2329661:A:G	12	-0.0090829	0.028271	0.748	0.4878	628126	0.4918
rs6724965	2	101440151	G	A	0.171608	0.171608	-0.016541	0.002573	1.29e-10	2	101440151	A	G	2:101440151:A:G	12	-0.038268	0.03465	0.2694	0.716	628126	0.1877
rs6773343	3	141825598	T	C	0.720232	0.279768	0.01268	0.002171	5.2e-09	NA	NA	NA	NA	NA	NA	NA	NA	NA	NA	NA	NA
rs71383766	16	30930233	T	C	0.419574	0.419574	0.012569	0.002065	1.15e-09	NA	NA	NA	NA	NA	NA	NA	NA	NA	NA	NA	NA
rs73015021	19	11192915	G	A	0.121031	0.121031	0.023034	0.002983	1.15e-14	NA	NA	NA	NA	NA	NA	NA	NA	NA	NA	NA	NA
rs7519574	1	34726552	A	G	0.181694	0.181694	0.016991	0.002536	2.09e-11	1	34726552	G	A	1:34726552:G:A	11	-0.05728	0.049745	0.2495	0.2624	618070	0.1618
rs7528419	1	109817192	G	A	0.224958	0.224958	0.019031	0.002321	2.41e-16	1	109817192	A	G	1:109817192:A:G	12	-0.00068986	0.033117	0.9834	0.294	628126	0.2189
rs7569755	2	118648261	A	G	0.292374	0.292374	0.013923	0.002142	8.03e-11	2	118648261	G	A	2:118648261:G:A	11	0.070962	0.039171	0.07005	0.5599	618070	0.2632
rs7650253	3	49431160	A	T	0.689684	0.310316	0.014562	0.002282	1.76e-10	NA	NA	NA	NA	NA	NA	NA	NA	NA	NA	NA	NA
rs7699711	4	69947596	T	G	0.454848	0.454848	-0.02864	0.001949	6.97e-49	4	69947596	G	T	4:69947596:G:T	9	0.030605	0.036721	0.4046	0.9269	617346	0.4983
rs77924615	16	20392332	A	G	0.197773	0.197773	-0.015792	0.002464	1.46e-10	16	20392332	G	A	16:20392332:G:A	11	-0.0268	0.047965	0.5763	0.8046	618070	0.2067
rs7828742	8	116960729	G	A	0.596853	0.403147	-0.02193	0.00199	3.06e-28	NA	NA	NA	NA	NA	NA	NA	NA	NA	NA	NA	NA
rs78649910	4	3482213	A	T	0.110004	0.110004	-0.018331	0.003122	4.32e-09	4	3482213	T	A	4:3482213:T:A	11	-0.062369	0.058447	0.2859	0.8606	618070	0.1141
rs804280	8	11612698	A	C	0.581959	0.418041	0.013033	0.001978	4.43e-11	NA	NA	NA	NA	NA	NA	NA	NA	NA	NA	NA	NA
rs8063706	16	11909552	T	A	0.272828	0.272828	0.012968	0.002198	3.64e-09	NA	NA	NA	NA	NA	NA	NA	NA	NA	NA	NA	NA
rs8091117	18	28919794	A	C	0.065396	0.065396	-0.024071	0.003943	1.03e-09	18	28919794	C	A	18:28919794:C:A	12	-0.019217	0.049872	0.7	0.2478	628126	0.07083
rs8103262	19	53065814	C	T	0.305004	0.305004	0.012519	0.002114	3.18e-09	19	53065814	T	C	19:53065814:T:C	11	-0.010323	0.039083	0.7917	0.5327	618070	0.3048
rs867772	1	220972343	G	A	0.681808	0.318192	-0.013838	0.002091	3.64e-11	NA	NA	NA	NA	NA	NA	NA	NA	NA	NA	NA	NA
rs960596	22	41393520	T	C	0.339588	0.339588	0.012414	0.002076	2.23e-09	22	41393520	C	T	22:41393520:C:T	10	0.029695	0.039608	0.4534	0.8374	617667	0.3511
rs964184	11	116648917	C	G	0.863547	0.136453	0.03977	0.002858	5.11e-44	11	116648917	G	C	11:116648917:G:C	12	-0.025595	0.038468	0.5058	0.6685	628126	0.8619
rs9668081	12	38602911	T	C	0.47058	0.47058	0.0116	0.001988	5.38e-09	12	38602911	C	T	12:38602911:C:T	10	0.03935	0.036698	0.2836	0.5203	617749	0.4972
